100 40 105
0 6
1 5
2 3
3 3
4 6
5 4
6 7
7 4
8 1
9 3
10 4
11 2
12 9
13 9
14 8
15 9
16 7
17 2
18 1
19 8
20 7
21 5
22 3
23 2
24 9
25 2
26 1
27 8
28 2
29 4
30 1
31 9
32 2
33 3
34 1
35 4
36 1
37 6
38 5
39 7
40 6
41 6
42 7
43 2
44 2
45 5
46 1
47 6
48 2
49 9
50 2
51 5
52 4
53 7
54 7
55 4
56 1
57 6
58 3
59 9
60 2
61 2
62 5
63 7
64 7
65 7
66 7
67 1
68 3
69 5
70 5
71 3
72 8
73 2
74 7
75 9
76 6
77 5
78 3
79 5
80 6
81 2
82 1
83 5
84 7
85 2
86 2
87 9
88 3
89 8
90 4
91 8
92 5
93 2
94 5
95 8
96 4
97 6
98 9
99 4
0 7 18
0 2 3 13 15 21 23 38 41 55 66 72 75 83 86 92 95 99
1 3 26
4 7 8 9 11 25 26 32 35 45 47 49 50 54 57 60 62 67 68 69 74 76 87 89 96 97
2 2 26
1 12 17 18 22 28 29 30 31 36 39 40 43 46 51 56 64 71 77 79 81 82 88 90 91 93
3 9 25
4 7 9 11 16 26 32 35 47 50 53 54 60 62 67 68 69 76 80 85 87 89 94 96 97
4 7 21
0 2 3 13 15 21 23 37 38 39 41 55 63 66 72 75 83 86 92 95 99
5 7 21
12 17 18 22 28 29 30 31 36 40 46 51 56 64 71 79 81 82 90 91 93
6 6 16
6 14 19 20 24 27 33 42 44 48 52 58 59 70 78 98
7 5 22
6 10 14 19 20 24 25 27 42 44 45 48 49 52 57 58 59 65 73 74 78 98
8 6 15
5 16 26 32 35 53 62 67 68 80 85 87 89 96 97
9 7 17
8 9 11 32 34 37 45 47 50 60 61 63 69 72 76 87 94
10 4 18
0 2 3 13 15 21 23 38 41 55 66 72 75 83 86 92 95 99
11 4 18
8 9 13 32 34 37 47 50 60 62 63 67 69 72 76 84 87 94
12 7 26
4 7 8 9 11 25 26 32 35 45 47 49 50 54 57 60 62 67 68 69 74 76 87 89 96 97
13 4 26
4 5 7 9 11 16 26 32 35 47 50 53 54 57 60 62 67 68 69 76 80 85 87 89 96 97
14 6 30
1 6 10 14 18 19 20 24 25 27 33 42 43 44 45 48 49 52 57 58 59 61 65 70 73 74 77 78 88 90
15 5 12
17 22 30 31 36 40 51 56 64 79 81 93
16 7 13
6 14 19 20 24 27 42 49 52 57 58 74 98
17 5 21
0 2 3 12 17 21 23 28 29 39 46 51 63 64 71 75 82 86 91 92 95
18 1 30
1 8 10 18 28 29 30 31 39 40 43 45 46 48 51 56 59 61 64 65 71 73 77 78 81 82 88 90 91 93
19 6 12
13 15 34 37 41 66 69 72 83 84 94 99
20 4 22
4 5 7 9 11 16 26 32 35 50 53 54 62 67 68 76 80 85 87 89 96 97
21 4 19
0 2 3 12 13 15 21 23 38 39 41 55 63 75 83 86 92 95 99
22 6 26
2 3 8 13 15 23 28 29 34 37 39 41 46 47 60 61 63 69 71 72 75 83 86 91 95 99
23 7 17
8 9 11 32 34 37 45 47 50 60 61 63 69 72 76 87 94
24 7 20
4 5 7 11 16 26 32 35 50 53 54 62 67 68 80 85 87 89 96 97
25 9 30
1 8 10 18 25 28 29 31 33 40 43 44 45 46 48 56 59 61 64 65 70 71 73 77 78 81 82 88 90 91
26 8 28
1 7 8 10 14 18 19 24 25 28 43 44 45 48 49 57 58 59 61 65 71 73 74 77 78 82 88 90
27 1 31
1 8 10 18 25 28 29 31 33 40 43 44 45 46 48 56 59 61 64 65 70 71 73 77 78 81 82 88 90 91 93
28 3 17
8 9 11 32 34 37 45 47 50 60 61 63 69 72 76 87 94
29 4 22
1 18 22 30 31 33 36 40 43 48 56 59 64 70 77 78 79 81 82 88 90 93
30 3 30
1 6 10 14 18 19 24 25 28 31 33 40 42 43 44 45 48 58 59 61 65 70 71 73 77 78 81 82 88 90
31 7 14
5 9 16 26 32 53 62 67 76 80 85 87 94 97
32 5 12
17 22 30 31 36 40 51 56 64 79 81 93
33 9 30
1 3 8 10 18 25 28 29 39 40 43 45 46 48 56 59 61 63 64 65 71 73 77 78 81 82 88 90 91 93
34 3 30
1 6 10 14 18 19 24 25 28 31 33 40 42 43 44 45 48 58 59 61 65 70 71 73 77 78 81 82 88 90
35 7 28
1 8 10 18 25 28 29 31 40 43 44 45 46 48 56 59 61 64 65 71 73 77 78 81 82 88 90 91
36 4 28
1 8 10 18 25 28 29 31 40 43 44 45 46 48 56 59 61 64 65 71 73 77 78 81 82 88 90 91
37 9 18
0 2 3 12 17 21 23 29 38 39 46 51 63 75 86 91 92 95
38 5 25
4 7 9 11 16 26 32 35 47 50 53 54 60 62 67 68 69 76 80 85 87 89 94 96 97
39 8 19
6 14 19 20 24 27 33 42 44 48 49 52 58 59 65 70 74 78 98
