150 60 220
0 7
1 5
2 3
3 4
4 5
5 4
6 8
7 5
8 5
9 2
10 5
11 1
12 6
13 1
14 7
15 6
16 8
17 9
18 5
19 4
20 9
21 2
22 1
23 2
24 9
25 5
26 1
27 9
28 2
29 4
30 9
31 6
32 5
33 5
34 3
35 6
36 9
37 3
38 7
39 9
40 5
41 1
42 4
43 9
44 1
45 8
46 5
47 6
48 3
49 3
50 2
51 2
52 7
53 5
54 3
55 7
56 4
57 6
58 5
59 7
60 2
61 7
62 8
63 8
64 9
65 6
66 5
67 4
68 3
69 9
70 4
71 6
72 8
73 6
74 6
75 1
76 5
77 7
78 1
79 1
80 5
81 8
82 1
83 1
84 3
85 9
86 3
87 1
88 6
89 4
90 6
91 5
92 3
93 6
94 8
95 7
96 3
97 7
98 9
99 1
100 7
101 2
102 9
103 7
104 8
105 8
106 4
107 3
108 9
109 5
110 4
111 8
112 7
113 6
114 8
115 7
116 1
117 5
118 6
119 2
120 9
121 9
122 7
123 3
124 9
125 1
126 3
127 5
128 1
129 7
130 1
131 4
132 6
133 2
134 2
135 9
136 9
137 5
138 7
139 2
140 6
141 4
142 4
143 1
144 3
145 8
146 6
147 8
148 6
149 9
0 2 36
1 9 10 13 14 17 21 26 27 28 34 35 38 39 41 42 52 57 60 61 63 64 69 72 78 94 96 116 117 121 123 126 131 143 144 145
1 5 34
1 3 13 19 20 24 26 27 28 41 43 54 56 65 72 73 76 80 81 82 85 89 96 100 101 106 111 121 126 129 130 133 139 141
2 9 25
9 10 14 17 21 26 28 35 39 42 57 60 63 64 69 78 94 104 114 116 123 131 143 144 145
3 6 33
0 5 6 7 8 11 15 25 36 40 46 48 53 66 67 75 83 86 87 88 95 99 107 108 109 113 119 122 125 128 138 140 148
4 6 31
2 5 6 8 12 25 47 49 53 58 62 66 74 75 77 84 88 95 98 99 107 110 112 120 124 125 127 135 138 142 147
5 3 22
22 23 33 38 47 49 62 70 74 79 84 90 98 103 110 112 120 127 134 136 142 147
6 6 37
1 10 13 19 24 27 28 29 34 37 38 52 53 59 61 63 66 77 80 84 92 95 109 110 111 112 117 118 119 126 127 129 133 134 141 143 147
7 4 21
3 4 20 50 54 56 65 73 76 81 82 91 102 106 115 130 132 137 139 146 149
8 6 36
1 9 10 13 14 17 21 26 27 28 34 35 38 39 41 42 52 57 60 61 63 64 69 72 78 94 96 116 117 121 123 126 131 143 144 145
9 9 22
12 22 23 38 47 49 58 62 70 74 79 84 98 103 110 112 120 124 127 134 142 147
10 1 30
22 23 29 34 37 38 39 49 52 59 61 64 70 74 78 79 84 90 98 103 110 112 114 117 127 131 134 142 143 147
11 5 36
1 3 13 19 20 24 26 27 41 43 54 56 65 71 72 73 76 80 81 82 85 89 93 96 100 106 111 115 118 121 126 129 130 133 139 141
12 2 48
0 1 7 8 11 19 24 25 27 29 32 36 37 40 43 46 53 55 59 66 71 77 80 83 85 87 92 93 95 99 100 106 108 109 111 113 115 117 118 119 125 128 129 133 138 140 141 148
13 9 38
3 4 7 19 24 30 31 32 40 43 45 50 51 55 68 71 80 82 85 93 97 100 105 106 108 109 111 113 115 119 129 130 133 137 140 141 148 149
14 5 23
0 2 5 6 8 11 15 36 46 48 67 75 83 86 87 88 99 107 122 125 128 135 138
15 9 46
3 4 19 20 24 27 30 31 32 40 43 45 50 51 54 55 56 65 68 71 73 76 80 82 85 91 93 96 97 100 102 105 106 108 109 111 115 119 129 130 133 137 141 146 148 149
16 9 16
13 24 26 41 56 65 72 73 76 81 89 96 101 121 130 139
17 2 44
1 10 13 19 24 26 27 28 29 34 37 38 43 52 53 59 61 63 66 76 77 80 85 92 95 96 100 108 109 110 111 112 116 117 118 119 121 126 129 130 133 141 143 147
18 2 34
1 10 13 17 19 24 26 27 28 35 41 43 56 63 72 73 76 80 81 89 96 100 101 106 111 116 118 121 126 129 130 133 139 141
19 8 31
9 10 14 17 21 22 28 34 35 38 39 42 52 57 60 61 63 64 69 70 78 94 103 114 116 123 126 131 134 143 144
20 2 23
0 2 5 6 8 11 15 36 46 48 67 75 83 86 87 88 99 107 122 125 128 135 138
21 3 6
16 18 44 104 144 145
22 2 28
0 2 5 6 8 12 25 47 48 58 62 66 67 75 84 88 98 99 107 120 122 124 125 127 135 138 142 147
23 7 32
0 2 5 6 8 11 12 15 25 36 46 47 48 58 62 66 67 75 83 86 87 88 95 99 107 120 122 124 125 128 135 138
24 6 34
1 10 13 17 19 24 26 27 28 35 41 43 56 63 72 73 76 80 81 89 96 100 101 106 111 116 118 121 126 129 130 133 139 141
25 8 35
1 10 13 14 17 19 21 24 26 27 28 35 39 41 42 43 44 57 63 72 73 76 81 89 96 101 104 116 121 123 126 129 130 139 144
26 4 26
2 5 6 8 12 25 47 48 49 58 62 67 75 84 88 98 99 107 120 124 125 127 135 138 142 147
27 8 45
1 3 4 7 19 24 27 30 32 37 40 43 45 50 53 55 65 68 71 73 76 77 80 82 85 92 93 96 97 100 105 106 108 109 111 115 118 119 129 130 133 137 140 141 148
28 4 31
0 2 5 6 8 12 15 25 36 47 48 58 62 66 67 75 83 86 87 88 95 98 99 107 120 122 124 125 128 135 138
29 6 41
1 9 10 13 14 17 21 22 26 28 29 34 35 37 38 39 42 52 57 59 60 61 63 64 69 70 78 92 94 103 110 112 114 116 117 118 123 126 131 134 143
30 5 28
3 4 20 24 41 43 50 54 56 65 72 73 76 81 82 85 89 91 93 100 102 106 115 130 132 137 139 146
31 3 29
9 10 13 14 17 21 26 28 35 38 39 42 52 57 60 63 64 69 78 94 114 116 121 123 126 131 143 144 145
32 8 25
9 10 14 17 21 26 28 35 39 42 57 60 63 64 69 78 94 104 114 116 123 131 143 144 145
33 3 34
1 10 13 17 19 24 26 27 28 35 41 43 56 63 72 73 76 80 81 89 96 100 101 106 111 116 118 121 126 129 130 133 139 141
34 1 35
1 12 23 25 29 34 37 38 47 49 52 53 58 59 61 62 66 70 74 77 84 92 95 98 103 110 112 117 118 120 127 134 142 143 147
35 9 47
1 10 13 14 17 19 21 24 26 27 28 29 34 35 37 38 39 41 42 43 52 57 59 60 61 63 72 73 76 78 80 92 94 96 111 116 117 118 121 123 126 129 130 133 141 143 144
36 1 22
3 4 20 30 31 45 50 51 54 56 65 68 82 91 97 102 105 115 132 137 146 149
37 5 19
9 14 16 17 18 21 26 35 42 44 57 60 63 94 104 116 123 144 145
38 1 41
1 9 10 13 14 17 21 22 26 28 29 34 35 37 38 39 42 52 57 59 60 61 63 64 69 70 78 92 94 103 110 112 114 116 117 118 123 126 131 134 143
39 5 36
3 4 7 24 30 31 32 40 43 45 50 51 55 68 71 82 85 93 97 100 105 106 108 109 111 113 115 119 129 133 137 140 141 146 148 149
40 5 32
3 4 7 20 30 31 32 40 43 45 50 51 54 55 65 68 71 82 85 91 93 97 100 102 105 106 115 132 137 146 148 149
41 6 29
9 10 13 14 17 21 26 28 35 38 39 42 52 57 60 63 64 69 78 94 114 116 121 123 126 131 143 144 145
42 5 27
9 10 14 17 21 26 28 35 38 39 42 52 57 60 63 64 69 78 94 114 116 123 126 131 143 144 145
43 7 33
3 4 7 20 30 31 32 40 43 45 50 51 54 55 65 68 71 82 85 91 93 97 100 102 105 106 113 115 132 137 146 148 149
44 8 44
3 4 7 19 20 24 30 31 32 40 43 45 50 51 54 55 56 65 68 71 80 82 85 91 93 97 100 102 105 106 108 109 111 115 119 129 130 132 133 137 141 146 148 149
45 1 31
3 13 19 20 24 26 27 41 43 54 56 65 72 73 76 81 82 85 89 96 100 101 106 111 121 126 129 130 133 139 141
46 2 47
1 10 13 14 17 19 21 24 26 27 28 29 34 35 37 38 39 41 42 43 52 57 59 60 61 63 72 73 76 78 80 92 94 96 111 116 117 118 121 123 126 129 130 133 141 143 144
47 1 36
1 9 10 13 14 17 21 26 27 28 34 35 38 39 41 42 52 57 60 61 63 64 69 72 78 94 96 116 117 121 123 126 131 143 144 145
48 3 43
1 13 19 24 27 29 32 34 37 40 43 52 53 59 61 66 71 73 76 77 80 82 85 92 93 95 96 100 106 108 109 111 115 117 118 119 126 129 130 133 140 141 148
49 7 38
1 10 13 19 24 27 28 29 34 37 38 43 52 53 59 61 66 77 80 84 92 95 100 108 109 110 111 112 117 118 119 126 129 133 134 141 143 147
50 8 44
1 10 13 19 24 26 27 28 29 34 37 38 43 52 53 59 61 63 66 76 77 80 85 92 95 96 100 108 109 110 111 112 116 117 118 119 121 126 129 130 133 141 143 147
51 3 43
1 13 19 24 27 29 32 34 37 40 43 52 53 59 61 66 71 73 76 77 80 82 85 92 93 95 96 100 106 108 109 111 115 117 118 119 126 129 130 133 140 141 148
52 3 30
9 10 13 14 17 21 26 28 35 39 41 42 44 57 60 63 69 72 78 94 96 104 116 121 123 126 131 143 144 145
53 4 27
0 5 6 7 8 11 15 25 36 46 48 66 67 75 83 86 87 88 99 107 108 113 122 125 128 138 140
54 8 46
0 1 5 8 12 25 27 29 34 36 37 47 48 53 58 59 61 66 75 77 80 83 84 87 88 92 95 98 99 107 108 109 110 111 112 117 118 119 120 125 128 133 138 140 141 147
55 7 19
9 14 16 17 18 21 26 35 42 44 57 60 63 94 104 116 123 144 145
56 7 40
1 10 13 19 24 26 27 28 29 34 37 38 43 52 53 59 61 66 77 80 85 92 95 96 100 108 109 110 111 112 117 118 119 126 129 130 133 141 143 147
57 2 25
0 7 8 11 15 36 40 46 48 55 83 86 87 88 99 107 108 109 113 119 122 128 138 140 148
58 7 39
1 10 13 19 21 26 27 28 29 34 37 38 39 52 53 59 61 63 66 77 78 80 84 92 95 109 110 111 112 116 117 118 126 129 133 134 141 143 147
59 2 43
1 10 13 19 24 26 27 28 29 34 37 41 43 52 53 59 61 71 72 73 76 77 80 82 85 92 93 96 100 106 108 109 111 115 117 118 119 121 126 129 130 133 141
