200 80 264
0 1
1 9
2 8
3 4
4 7
5 8
6 8
7 9
8 8
9 9
10 4
11 3
12 1
13 6
14 7
15 2
16 4
17 5
18 5
19 3
20 7
21 9
22 6
23 5
24 8
25 8
26 7
27 8
28 2
29 3
30 1
31 6
32 4
33 7
34 6
35 9
36 2
37 8
38 1
39 2
40 7
41 7
42 9
43 7
44 8
45 8
46 8
47 3
48 8
49 2
50 1
51 6
52 4
53 9
54 1
55 4
56 8
57 7
58 8
59 1
60 9
61 8
62 6
63 3
64 7
65 8
66 5
67 1
68 3
69 6
70 4
71 8
72 1
73 1
74 3
75 6
76 2
77 2
78 3
79 9
80 4
81 5
82 9
83 2
84 7
85 8
86 7
87 3
88 4
89 9
90 7
91 2
92 2
93 9
94 5
95 5
96 9
97 3
98 5
99 1
100 4
101 6
102 1
103 9
104 1
105 8
106 4
107 5
108 5
109 3
110 7
111 8
112 2
113 1
114 5
115 4
116 7
117 5
118 8
119 4
120 5
121 5
122 5
123 8
124 1
125 4
126 4
127 2
128 7
129 7
130 1
131 5
132 4
133 4
134 8
135 8
136 2
137 8
138 9
139 1
140 8
141 6
142 9
143 6
144 5
145 7
146 7
147 1
148 4
149 3
150 5
151 7
152 2
153 4
154 2
155 2
156 2
157 1
158 9
159 6
160 8
161 4
162 1
163 5
164 1
165 4
166 9
167 8
168 5
169 7
170 3
171 5
172 3
173 9
174 9
175 5
176 2
177 8
178 8
179 7
180 9
181 2
182 6
183 2
184 8
185 3
186 8
187 7
188 9
189 2
190 8
191 6
192 2
193 8
194 5
195 4
196 8
197 4
198 9
199 5
0 4 45
4 8 17 20 27 31 34 39 41 44 46 47 51 53 54 65 67 73 74 78 93 98 100 103 105 108 114 118 121 132 140 143 157 164 170 175 178 182 187 188 192 194 195 197 199
1 7 27
8 17 20 21 27 44 51 53 67 73 74 78 93 103 105 108 118 121 164 170 175 178 182 187 192 197 199
2 9 35
5 10 23 24 28 37 39 40 55 68 69 71 72 77 80 81 102 110 113 133 134 135 136 144 155 156 163 166 168 172 173 181 183 185 186
3 2 53
2 5 8 13 20 24 31 37 39 44 46 47 48 50 52 61 65 68 69 71 73 86 88 91 93 96 98 100 104 105 109 116 121 132 135 137 140 142 146 153 155 158 163 166 168 170 175 181 182 183 190 194 195
4 1 56
2 4 13 14 20 30 31 33 38 41 42 48 50 52 56 58 60 61 65 73 86 88 90 91 93 97 98 99 100 104 105 106 107 109 116 120 132 135 137 138 140 142 146 150 152 153 157 158 175 182 189 190 191 193 194 195
5 6 58
2 4 17 18 20 27 31 33 34 41 53 54 60 61 64 65 73 76 90 93 94 97 98 100 103 105 106 108 109 114 117 118 120 121 131 132 138 140 142 143 146 150 152 153 157 170 175 180 182 187 188 191 192 193 194 195 197 199
6 2 47
2 13 25 29 31 37 38 42 47 48 50 52 56 60 61 86 88 90 91 96 98 100 104 107 109 112 116 129 132 135 137 138 140 142 146 147 153 154 155 158 160 167 181 184 190 193 195
7 7 48
2 9 13 15 19 22 25 30 36 38 42 45 49 50 56 57 60 75 82 86 88 91 92 99 104 107 111 119 122 123 126 127 129 130 137 139 151 153 154 158 160 161 165 169 177 184 189 190
8 5 54
2 4 13 14 20 30 31 33 38 42 47 48 50 52 56 60 61 65 73 86 88 90 91 93 96 97 98 100 104 105 106 107 109 116 132 135 137 138 140 142 146 152 153 155 157 158 175 182 189 190 191 193 194 195
9 8 43
12 13 15 19 25 45 49 50 56 75 79 82 86 88 91 99 104 107 111 112 116 119 122 123 126 127 128 129 130 137 139 154 158 159 160 161 165 169 174 176 184 190 198
10 7 53
2 13 14 25 30 31 36 38 42 48 50 52 56 58 60 61 75 86 88 90 91 96 99 100 104 107 109 116 119 123 126 129 130 135 137 138 139 140 142 146 151 152 153 154 158 160 165 169 184 189 190 191 193
11 1 30
3 5 10 23 24 28 37 39 55 68 69 70 71 77 80 81 87 133 134 141 144 148 163 166 168 171 173 183 185 196
12 1 54
2 5 8 13 20 24 31 37 39 44 46 47 48 50 52 60 61 65 68 69 71 73 86 88 91 93 96 98 100 104 105 109 116 121 132 135 137 138 140 142 146 153 155 158 163 166 170 175 181 182 183 190 194 195
13 6 45
0 2 9 14 15 16 22 25 30 36 38 42 49 50 56 57 58 60 75 82 83 86 90 92 99 104 107 111 115 119 122 126 129 130 139 151 152 158 160 161 165 169 177 184 189
14 1 49
2 13 14 25 30 31 36 38 42 48 50 52 56 58 60 61 86 88 90 91 96 99 100 104 107 109 116 119 126 129 130 132 135 137 138 140 142 146 152 153 154 158 160 165 184 189 190 191 193
15 4 53
6 7 11 12 19 25 29 35 37 40 45 48 50 52 62 66 69 72 79 84 88 91 95 96 101 102 110 112 116 123 124 125 128 135 136 137 147 149 154 155 156 159 162 163 166 167 172 174 176 179 181 183 198
16 5 54
2 4 8 13 17 20 27 31 33 34 41 44 47 52 53 54 60 61 65 67 73 76 93 98 100 103 105 106 108 109 114 118 121 132 138 140 142 143 146 150 153 157 170 175 180 182 187 188 190 192 193 194 195 197
17 6 43
1 5 8 10 23 24 26 28 31 37 39 44 46 47 55 68 69 70 71 74 77 80 81 87 98 133 134 135 140 141 144 148 155 163 164 166 168 171 172 181 183 185 196
18 5 63
0 2 9 13 14 15 16 25 30 36 38 42 48 49 50 52 56 57 58 60 61 75 82 83 86 88 90 91 92 99 104 107 109 111 115 116 119 122 123 126 127 129 130 137 138 139 142 146 151 152 153 154 158 160 161 165 169 177 184 189 190 191 193
19 7 53
2 5 8 13 20 24 31 37 39 44 46 47 48 50 52 61 65 68 69 71 73 86 88 91 93 96 98 100 104 105 109 116 121 132 135 137 140 142 146 153 155 158 163 166 168 170 175 181 182 183 190 194 195
20 7 55
6 7 11 12 25 29 35 37 40 43 45 48 62 66 69 72 79 84 88 89 95 96 101 102 110 112 113 116 123 124 125 128 135 136 137 144 147 149 155 156 159 162 163 166 167 172 173 174 176 179 181 183 185 186 198
21 2 46
1 5 8 20 21 23 24 26 28 31 37 39 44 46 47 55 68 69 71 74 77 78 80 81 93 98 100 105 121 132 133 134 135 140 144 155 163 164 166 168 170 181 182 183 185 197
22 3 63
0 2 9 13 14 15 16 25 30 36 38 42 48 49 50 52 56 57 58 60 61 75 82 83 86 88 90 91 92 99 104 107 109 111 115 116 119 122 123 126 127 129 130 137 138 139 142 146 151 152 153 154 158 160 161 165 169 177 184 189 190 191 193
23 9 20
1 3 21 26 28 46 55 70 74 78 81 87 133 134 141 145 148 164 171 196
24 6 33
6 7 11 12 32 35 43 45 62 66 79 84 85 89 95 101 102 110 112 123 124 125 128 136 149 156 159 162 167 174 176 179 198
25 1 38
6 7 11 12 19 29 32 35 40 43 45 62 66 79 84 85 89 95 101 102 110 112 123 124 125 128 136 147 149 154 156 159 162 167 174 176 179 198
26 8 23
1 3 5 23 26 28 46 55 70 71 77 80 81 87 133 134 141 145 148 164 168 171 196
27 7 39
4 18 33 34 41 54 59 61 63 64 65 73 76 90 94 97 103 106 108 114 117 118 120 131 138 143 146 150 152 157 175 180 187 188 191 192 193 194 195
28 1 46
1 5 8 10 20 23 24 26 28 31 37 39 44 46 47 55 68 69 71 74 77 78 80 81 87 93 98 100 132 133 134 135 140 141 144 155 163 164 166 168 171 181 182 183 185 196
29 4 57
2 11 13 25 29 31 37 40 47 48 50 52 56 60 66 69 79 84 86 88 90 91 96 98 100 102 104 107 109 110 112 116 123 129 132 135 136 137 138 140 142 146 147 153 154 155 158 160 163 165 167 172 174 176 181 184 190
30 3 55
2 11 13 25 29 30 31 38 42 48 49 50 52 56 60 61 79 86 88 90 91 96 99 100 104 107 109 112 116 119 123 129 135 136 137 138 140 142 146 147 152 153 154 155 158 160 165 167 174 176 181 184 189 190 193
31 8 47
6 7 11 12 19 25 29 32 35 40 43 45 48 62 66 72 79 84 88 89 95 96 101 102 110 112 116 123 124 125 128 135 136 137 147 149 154 156 159 162 167 172 174 176 179 181 198
32 2 47
5 10 11 23 24 28 29 31 37 39 40 47 48 55 68 69 71 72 77 79 80 84 96 100 102 110 113 116 134 135 136 140 144 147 155 156 162 163 166 167 168 172 173 181 183 185 186
33 1 54
2 5 8 13 20 24 31 37 39 44 46 47 48 50 52 60 61 65 68 69 71 73 86 88 91 93 96 98 100 104 105 109 116 121 132 135 137 138 140 142 146 153 155 158 163 166 170 175 181 182 183 190 194 195
34 2 51
0 2 9 13 14 16 30 33 36 38 42 50 56 57 58 60 61 75 83 86 90 91 92 97 99 104 106 107 109 115 119 120 122 126 129 130 138 142 146 151 152 153 158 160 169 177 184 189 190 191 193
35 3 54
0 2 13 14 16 30 33 36 38 42 50 52 56 57 58 60 61 65 76 83 86 90 91 97 99 104 106 107 109 115 116 120 126 129 130 137 138 142 146 150 151 152 153 157 158 160 177 180 184 189 190 191 193 194
36 4 38
6 7 11 12 19 29 32 35 40 43 45 62 66 79 84 85 89 95 101 102 110 112 123 124 125 128 136 147 149 154 156 159 162 167 174 176 179 198
37 7 41
4 8 17 20 21 27 34 39 41 44 46 51 53 54 65 67 73 74 78 93 98 103 105 108 114 118 121 132 143 157 164 170 175 178 182 187 192 194 195 197 199
38 5 59
2 11 12 13 19 25 29 30 31 38 42 45 48 49 50 52 56 60 79 86 88 90 91 96 99 100 104 107 109 112 116 119 123 126 127 129 130 135 137 138 140 142 146 147 153 154 158 160 161 165 167 174 176 181 184 189 190 193 198
39 6 55
4 5 8 17 20 27 31 33 34 39 41 44 46 47 51 53 54 61 65 67 68 71 73 74 78 93 98 100 103 105 106 108 109 114 118 121 132 140 142 143 146 150 155 157 164 170 175 178 182 187 188 192 194 195 197
40 6 44
4 17 18 33 34 41 53 54 59 61 63 64 65 73 76 90 93 94 97 103 105 106 108 109 114 117 118 120 131 138 143 146 150 152 157 175 180 187 188 191 192 193 194 195
41 1 61
0 2 4 13 14 16 30 31 33 36 38 41 42 50 52 56 58 60 61 65 73 76 83 86 90 91 93 97 98 99 100 104 106 107 109 115 116 120 129 132 137 138 140 142 146 150 151 152 153 157 158 175 180 184 188 189 190 191 193 194 195
42 2 45
5 10 23 24 28 29 31 37 39 40 46 47 48 55 68 69 71 72 77 80 84 96 98 100 102 110 113 116 134 135 136 140 144 147 155 156 163 166 167 168 172 173 181 183 185
43 3 51
4 8 17 20 27 31 33 34 39 41 44 46 47 51 53 54 61 65 67 73 74 78 93 98 100 103 105 106 108 109 114 118 121 132 140 142 143 150 157 164 170 175 178 182 187 188 192 194 195 197 199
44 3 36
0 9 14 15 16 22 30 36 38 42 56 57 58 75 82 83 86 92 99 107 111 115 119 122 126 129 130 139 151 160 161 165 169 177 184 189
45 5 24
1 3 5 21 23 26 28 46 55 70 74 77 80 81 87 133 134 141 145 148 164 168 171 196
46 3 54
2 5 8 13 20 24 31 37 39 44 46 47 48 50 52 60 61 65 68 69 71 73 86 88 91 93 96 98 100 104 105 109 116 121 132 135 137 138 140 142 146 153 155 158 163 166 170 175 181 182 183 190 194 195
47 1 26
7 10 35 40 43 62 72 84 85 89 102 110 113 124 125 136 144 156 162 163 166 172 173 183 185 186
48 9 37
6 7 11 12 29 32 35 40 43 45 62 66 72 79 84 85 89 95 101 102 110 112 123 124 125 128 136 147 149 156 159 162 167 174 176 179 198
49 2 30
4 17 18 33 34 41 53 54 59 63 64 76 94 103 106 108 114 117 118 131 143 150 157 175 180 187 188 192 194 199
50 3 55
0 2 13 14 16 30 33 36 38 42 50 52 56 57 58 60 61 65 83 86 88 90 91 97 99 100 104 106 107 109 115 116 119 120 126 129 130 132 137 138 142 146 151 152 153 157 158 160 184 189 190 191 193 194 195
51 6 52
7 10 11 24 29 35 37 40 43 48 62 66 69 72 79 84 88 89 95 96 101 102 110 112 113 116 123 124 125 135 136 137 144 147 149 155 156 159 162 163 166 167 172 173 174 176 179 181 183 185 186 198
52 9 47
6 7 11 12 19 25 29 32 35 40 43 45 48 62 66 72 79 84 88 89 95 96 101 102 110 112 116 123 124 125 128 135 136 137 147 149 154 156 159 162 167 172 174 176 179 181 198
53 3 24
1 3 5 21 23 26 28 46 55 70 74 77 80 81 87 133 134 141 145 148 164 168 171 196
54 4 42
6 7 11 12 19 25 29 32 35 40 43 45 62 66 72 79 84 85 89 95 96 101 102 110 112 123 124 125 128 136 147 149 154 156 159 162 167 172 174 176 179 198
55 3 32
1 3 5 10 23 24 26 28 39 44 46 55 68 70 71 74 77 80 81 87 133 134 141 144 145 148 164 166 168 171 185 196
56 9 49
4 14 18 33 34 38 41 42 53 54 59 60 61 64 65 73 76 90 93 94 97 103 105 106 108 109 114 117 118 120 131 138 142 143 146 150 152 153 157 175 180 187 188 189 191 192 193 194 195
57 2 21
1 3 21 23 26 28 55 70 77 80 81 87 133 134 141 145 148 164 168 171 196
58 4 47
6 7 11 12 19 25 29 35 40 45 48 49 50 62 66 79 84 88 91 95 96 101 102 110 112 116 123 124 125 127 128 135 136 137 147 149 154 156 159 162 165 167 172 174 176 179 198
59 9 27
8 17 20 21 27 44 51 53 67 73 74 78 93 103 105 108 118 121 164 170 175 178 182 187 192 197 199
60 4 42
5 8 10 20 23 24 28 31 37 39 44 46 47 48 55 68 69 71 74 77 80 81 93 96 98 100 132 133 134 135 140 144 155 163 164 166 168 172 181 182 183 185
61 8 48
4 17 18 20 27 33 34 41 53 54 59 61 63 64 65 67 73 76 93 94 97 103 105 106 108 114 117 118 120 121 131 132 138 143 150 157 170 175 180 182 187 188 191 192 194 195 197 199
62 2 53
6 7 10 11 24 29 35 37 40 43 48 62 66 69 72 79 84 88 89 95 96 101 102 110 112 113 116 123 124 125 135 136 137 144 147 149 155 156 159 162 163 166 167 172 173 174 176 179 181 183 185 186 198
63 2 30
9 12 15 19 22 25 45 49 50 75 82 92 99 107 111 119 122 123 126 127 129 130 139 154 160 161 165 169 184 198
64 7 53
4 17 18 20 27 33 34 41 53 54 59 61 63 64 65 67 73 76 93 94 97 98 103 105 106 108 109 114 117 118 120 121 131 132 138 142 143 146 150 157 170 175 180 182 187 188 191 192 193 194 195 197 199
65 5 47
5 10 11 23 24 28 29 31 37 39 40 47 48 55 68 69 71 72 77 79 80 84 96 100 102 110 113 116 134 135 136 140 144 147 155 156 162 163 166 167 168 172 173 181 183 185 186
66 5 38
6 7 11 29 32 35 40 43 62 66 72 79 84 85 89 95 101 102 110 112 113 124 125 128 136 147 149 156 159 162 167 172 173 174 176 179 186 198
67 8 36
6 11 12 19 25 29 45 49 50 62 66 79 82 84 88 95 101 102 112 123 124 127 128 136 147 149 154 159 161 162 165 167 174 176 179 198
68 8 30
9 12 15 19 22 25 45 49 50 75 82 92 99 107 111 119 122 123 126 127 129 130 139 154 160 161 165 169 184 198
69 3 26
1 3 5 8 21 26 28 39 44 46 55 70 71 74 78 81 87 133 134 141 145 148 164 168 171 196
70 2 38
9 15 16 22 25 30 36 38 42 49 56 57 58 75 82 83 86 92 99 107 111 115 119 122 126 127 129 130 139 151 154 160 161 165 169 177 184 189
71 8 29
7 10 23 24 35 37 40 43 69 72 77 80 89 102 110 113 124 125 136 144 156 162 163 166 172 173 183 185 186
72 3 53
2 5 8 13 20 24 31 37 39 44 46 47 48 50 52 61 65 68 69 71 73 86 88 91 93 96 98 100 104 105 109 116 121 132 135 137 140 142 146 153 155 158 163 166 168 170 175 181 182 183 190 194 195
73 7 27
6 7 11 32 35 40 43 62 66 72 84 85 89 95 101 102 110 113 124 125 136 149 156 162 173 179 186
74 6 48
6 7 11 12 19 25 29 40 45 48 49 50 62 66 79 84 88 91 95 96 101 102 110 112 116 123 124 125 127 128 135 136 137 147 149 154 156 159 160 162 165 167 172 174 176 179 184 198
75 4 46
0 2 4 14 16 30 33 34 36 38 41 42 54 56 57 58 60 61 64 65 76 83 90 94 97 106 109 114 115 120 138 142 143 146 150 151 152 153 157 158 180 188 189 191 193 194
76 2 32
1 3 5 10 23 24 26 28 39 44 46 55 68 70 71 74 77 80 81 87 133 134 141 144 145 148 164 166 168 171 185 196
77 1 57
2 9 13 14 15 19 22 25 30 36 38 42 45 49 50 52 56 57 60 75 82 86 88 90 91 92 99 104 107 111 116 119 122 123 126 127 129 130 137 138 139 146 151 152 153 154 158 160 161 165 169 174 177 184 189 190 193
78 4 39
0 9 14 15 16 22 30 36 38 42 56 57 58 60 75 83 90 92 97 99 107 111 115 119 122 126 129 130 138 139 151 152 160 169 177 184 189 191 193
79 2 39
0 2 9 14 16 22 30 36 38 42 56 57 58 60 61 75 83 90 92 97 99 107 115 120 122 126 129 130 138 146 151 152 153 158 169 177 189 191 193
